0 720 214 2200 2200
1 120 90
1 150 90
1 180 90
1 210 90
1 240 90
1 270 90
1 300 90
1 330 90
1 360 90
1 390 90
1 420 90
1 450 90
1 480 90
1 510 90
1 540 90
1 570 90
1 600 90
1 600 120
1 600 150
1 600 180
1 600 210
1 600 240
1 600 270
1 600 300
1 630 300
1 660 300
1 690 300
1 720 300
1 750 300
1 780 300
1 810 300
1 810 210
1 810 180
1 810 150
1 810 120
1 810 90
1 750 90
1 780 90
1 690 90
1 720 90
1 660 90
1 630 90
1 840 90
1 900 90
1 870 90
1 930 90
1 990 90
1 1050 90
1 1110 90
1 1170 90
1 1230 90
1 1260 90
1 1260 120
1 1260 150
1 1260 180
1 1260 210
1 1260 240
1 1260 270
1 1230 270
1 1200 270
1 1170 270
1 1140 270
1 1110 270
1 1080 270
1 1050 270
1 1050 300
1 1050 330
1 1050 360
1 1050 390
1 1050 420
1 1050 450
1 1050 480
1 1020 480
1 990 480
1 960 480
1 930 480
1 900 480
1 870 480
1 840 480
1 840 510
1 840 540
1 840 570
1 840 600
1 870 600
1 900 600
1 900 630
1 900 660
1 510 390
1 480 390
1 450 390
1 420 390
1 390 390
1 360 390
1 330 390
1 300 390
1 270 390
1 240 390
1 210 390
1 180 390
1 150 390
1 120 390
1 120 360
1 120 330
1 120 300
1 120 270
1 120 240
1 120 210
1 120 510
1 120 540
1 120 600
1 120 600
1 120 570
1 150 600
1 210 600
1 180 600
1 240 600
1 270 600
1 300 600
1 330 600
1 360 600
1 390 600
1 420 600
1 450 600
1 480 600
1 540 600
1 540 600
1 510 600
1 570 600
2 120 120 600 120
2 600 120 600 330
2 600 330 840 330
2 840 330 840 300
2 840 300 630 300
2 630 300 630 120
2 630 120 810 120
2 810 120 810 240
2 810 240 840 240
2 840 240 840 120
2 840 120 960 120
2 960 120 960 90
2 960 90 120 90
2 120 90 120 120
2 990 90 960 120
2 1050 90 1050 120
2 1050 120 1080 120
2 1080 120 1080 90
2 1080 90 1050 90
2 1110 90 1110 120
2 1110 120 1140 120
2 1140 120 1140 90
2 1140 90 1110 90
2 1170 90 1170 120
2 1170 120 1200 120
2 1200 120 1200 90
2 1200 90 1170 90
2 1230 90 1230 120
2 1230 120 1260 120
2 1260 120 1260 270
2 1260 270 1050 270
2 1050 270 1050 480
2 1050 480 840 480
2 840 480 840 630
2 840 630 900 630
2 900 630 900 690
2 900 690 930 690
2 930 690 930 600
2 930 600 870 600
2 870 600 870 510
2 870 510 1080 510
2 1080 510 1080 300
2 1080 300 1290 300
2 1290 300 1290 90
2 1290 90 1230 90
2 120 210 150 210
2 150 210 150 390
2 150 390 540 390
2 540 390 540 420
2 540 420 120 420
2 120 420 120 210
2 121 502 165 507
2 165 507 308 578
2 308 578 428 561
2 428 561 515 572
2 515 572 599 599
2 599 599 615 621
2 615 621 611 645
2 610 647 610 647
2 610 648 384 693
2 384 693 341 686
2 341 686 240 649
2 240 649 198 665
2 198 665 129 655
2 129 655 87 666
2 87 666 101 628
2 101 628 69 529
2 69 528 125 499
